ROI RGB statistics (BGR order)
seq_id        : vid_1
frame_idx     : 1
image_shape   : 480 x 640
roi_pixels    : 13052
mean_BGR      : 129.067276, 132.415802, 170.087112
std_BGR       : 30.130331, 29.763447, 37.535072
